#BEAM Colour Palette Definition File
#Mon Jun 28 14:17:25 CEST 2010
autoDistribute=false
color0=0,51,102
color1=0,0,255
color2=51,153,102
color3=0,255,0
color4=153,204,0
color5=204,255,204
color6=255,204,153
color7=255,102,0
color8=255,0,204
numPoints=9
sample0=0.0075306133885334825
sample1=0.014408761025927367
sample2=0.02474325763529281
sample3=0.03813476444406165
sample4=0.060384680256048165
sample5=0.10510606222556865
sample6=0.15140428853655052
sample7=0.3436912952124957
sample8=0.9264446470687115
