#BEAM Colour Palette Definition File
#Tue Jun 22 13:58:05 CEST 2010
autoDistribute=false
color0=0,0,0
color1=51,102,255
color2=0,102,102
color3=237,237,0
color4=255,204,13
color5=237,131,24
color6=175,111,0
color7=103,66,0
numPoints=8
sample0=0.010125333697474755
sample1=0.08260056423447923
sample2=0.24573222924429408
sample3=0.7310401454154313
sample4=1.5604253814377271
sample5=4.251637987998068
sample6=9.075238713992775
sample7=19.371347689630834
