#BEAM Colour Palette Definition File
#Fri Jun 25 10:05:02 CEST 2010
autoDistribute=false
color0=51,0,102
color10=255,153,0
color1=128,0,128
color2=51,102,255
color3=0,204,255
color4=153,204,255
color5=0,128,0
color6=0,204,0
color7=102,153,0
color8=153,204,0
color9=255,255,0
numPoints=11
sample0=0.006193337042595726
sample10=6.511558405751895
sample1=0.015122671992102758
sample2=0.03650399996112111
sample3=0.07854769256988244
sample4=0.14499993673227385
sample5=0.28080300744450165
sample6=0.6713573770929091
sample7=1.023269200499229
sample8=1.501019694745708
sample9=2.8791243365135673
