#BEAM Colour Palette Definition File
#Tue Jun 29 11:18:01 CEST 2010
autoDistribute=false
color0=51,0,102
color1=0,153,51
color2=0,51,204
color3=0,153,204
color4=204,153,255
color5=255,204,153
color6=204,204,255
color7=204,255,204
color8=255,255,153
numPoints=9
sample0=0.014472499193599392
sample1=0.025566658068700544
sample2=0.036660816943801695
sample3=0.04810166828374978
sample4=0.05884913469400401
sample5=0.06994329356910516
sample6=0.08103745244420632
sample7=0.09213161131930747
sample8=0.10322577019440862
