#BEAM Colour Palette Definition File
#Mon Jun 28 16:10:12 CEST 2010
autoDistribute=false
color0=0,0,128
color1=51,102,255
color2=231,223,189
color3=195,191,142
color4=255,153,0
numPoints=5
sample0=0.001728597329929471
sample1=0.08384089991039374
sample2=0.1905525422238923
sample3=0.33603383560647615
sample4=0.5416052284296924
