#BEAM Color Palette Definition File
#Fri Mar 05 10:30:30 CET 2010
color0=0,102,102
color1=51,153,255
color2=153,204,255
color3=204,204,255
color4=204,255,204
color5=255,255,0
color6=204,204,0
color7=255,153,0
color8=204,51,0
color9=102,51,0
numPoints=10
sample0=0.04655996786951494
sample1=0.29032501630734386
sample2=0.5343695730568593
sample3=1.0031040695864035
sample4=1.810323738411495
sample5=2.579897184861263
sample6=4.520558979675967
sample7=11.288286760610337
sample8=28.18797820416985
sample9=70.38819371698813
