#BEAM Colour Palette Definition File
#Mon Jun 28 15:33:35 CEST 2010
autoDistribute=false
color0=255,255,255
color10=51,51,51
color1=204,255,204
color2=153,204,255
color3=0,204,255
color4=0,255,0
color5=0,128,128
color6=102,102,255
color7=51,51,153
color8=204,153,255
color9=128,0,128
numPoints=11
sample0=-34.42355756455056
sample10=-0.8496012215295821
sample1=-31.066161930248466
sample2=-21.700795160879448
sample3=-18.166694493193035
sample4=-14.986003892275253
sample5=-11.275198191204517
sample6=-8.094507590286739
sample7=-6.32745725644353
sample8=-3.6768817556787177
sample9=-1.7331263884511898
